   5.1861826338632649E-003   4.6712382834605471E-005   3.1184411380285942E-003
   1.0419289435781288E-002   1.9062754792331045E-005   1.2627834354874464E-003
   1.5699504634862294E-002   1.1479819690649642E-005   7.9774129736197037E-004
   2.1027097138076014E-002   7.3176352943093182E-006   6.2154587191762278E-004
   2.6402265128385713E-002   6.0118400895392845E-006   5.4434351351602785E-004
   3.1825221340472810E-002   5.9930818452907063E-006   5.0616362781728266E-004
   3.7296168828361731E-002   6.4749988878516414E-006   4.8431343827969823E-004
   4.2815308408465258E-002   7.0168856548814474E-006   4.7056284692222625E-004
   4.8382833611023676E-002   7.4421733126974667E-006   4.6136444236575348E-004
   5.3998930520032018E-002   7.7282056139312423E-006   4.5560808570019719E-004
   5.9663777218215204E-002   7.8966130330710568E-006   4.5271018712041752E-004
   6.5377548288404239E-002   7.9870536913467905E-006   4.5192492618513258E-004
   7.1140409909379990E-002   8.0321917084659528E-006   4.5256654098355727E-004
   7.6952520760058749E-002   8.0541142796833535E-006   4.5421921660225350E-004
   8.2814031458739154E-002   8.0677649610398524E-006   4.5675119532289764E-004
   8.8725082425860191E-002   8.0809000629861009E-006   4.6014987462338194E-004
   9.4685806451612925E-002   8.0980198205768317E-006   4.6426353340305292E-004
  0.10069633001627443        8.1198872959370312E-006   4.6874076926285393E-004
  0.10675676952524188        8.1459661808510108E-006   4.7332780260609032E-004
  0.11286723024982820        8.1749630413748652E-006   4.7793328416374396E-004
  0.11902780814324768        8.2059863786432269E-006   4.8262668484639612E-004
  0.12523858835270635        8.2389088980640601E-006   4.8745160244307738E-004
  0.13149964482308543        8.2735528069693936E-006   4.9238529148447406E-004
  0.13781104293116195        8.3096621963964715E-006   4.9737138444384290E-004
  0.14417283582140691        8.3464668866092225E-006   5.0235413554650121E-004
  0.15058506298491706        8.3830010338371030E-006   5.0732071046362068E-004
  0.15704775284074501        8.4186969126687090E-006   5.1231316133165488E-004
  0.16356092170698988        8.4536769561444919E-006   5.1737448923810318E-004
  0.17012457065665340        8.4883447420460646E-006   5.2251043689624554E-004
  0.17673868767712592        8.5229308844958370E-006   5.2771250670852242E-004
  0.18340324827963642        8.5576521465875403E-006   5.3295137158066667E-004
  0.19011821262950654        8.5924830831851115E-006   5.3821785584638922E-004
  0.19688352408429174        8.6275752583405462E-006   5.4354688434676791E-004
  0.20369911084180556        8.6634331981481701E-006   5.4894419255002583E-004
  0.21056488630217146        8.7005931117636954E-006   5.5438134809678930E-004
  0.21748074638635170        8.7392655217024513E-006   5.5980922220757805E-004
  0.22444656890072329        8.7792085043357521E-006   5.6519038261732598E-004
  0.23146221505950246        8.8200793364980021E-006   5.7056149346928250E-004
  0.23852752743190939        8.8620576042894102E-006   5.7597624276772104E-004
  0.24564232782236300        8.9052424041885529E-006   5.8147759365021585E-004
  0.25280641820720978        8.9499226069167070E-006   5.8709021779086875E-004
  0.26001958191705232        8.9961546078922795E-006   5.9275960766397989E-004
  0.26728158195401314        9.0434484804510402E-006   5.9845761660443997E-004
  0.27459215807144860        9.0918290587590407E-006   6.0417663146191737E-004
  0.28195102780655440        9.1415901365125427E-006   6.0992290045987338E-004
  0.28935788586239020        9.1931352037053853E-006   6.1573027907007292E-004
  0.29681240301094192        9.2467105934454213E-006   6.2154135271144618E-004
  0.30431422388578627        9.3015865971109118E-006   6.2734229690862878E-004
  0.31186296953254028        9.3571003961399780E-006   6.3319322982823413E-004
  0.31945823602561274        9.4131754867124192E-006   6.3911840553868156E-004
  0.32709959089725810        9.4701366750863257E-006   6.4514850064570004E-004
  0.33478657357924790        9.5286185723248750E-006   6.5130446414547868E-004
  0.34251869625740328        9.5890897397003213E-006   6.5762863155476557E-004
  0.35029544122027645        9.6518874983424368E-006   6.6418216620059759E-004
  0.35811625954512033        9.7172446508836636E-006   6.7102436631133141E-004
  0.36598057071484380        9.7855394457265141E-006   6.7821331712700412E-004
  0.37388776237510740        9.8574493508357093E-006   6.8566925879249207E-004
  0.38183719004468786        9.9324699404077998E-006   6.9322784618564579E-004
  0.38982817453197610        1.0009664627413213E-005   7.0075452548951078E-004
  0.39786000219346018        1.0088143402036752E-005   7.0816488983089154E-004
  0.40593192292594582        1.0167209493157349E-005   7.1558270714041467E-004
  0.41404314789281699        1.0247752832751668E-005   7.2323488164163568E-004
  0.42219284974158849        1.0330830729163471E-005   7.3131986971525025E-004
  0.43038016217902031        1.0417734535976884E-005   7.4002841773671956E-004
  0.43860417978262889        1.0509794721797280E-005   7.4932445540251322E-004
  0.44686395445172006        1.0606881943499693E-005   7.5899918726078913E-004
  0.45515849521868074        1.0708409918119334E-005   7.6881954552207989E-004
  0.46348676834293162        1.0812951829682220E-005   7.7863164066326691E-004
  0.47184769234304852        1.0919556456181385E-005   7.8854248713417982E-004
  0.48024013790919334        1.1029263586522564E-005   7.9877709412038648E-004
  0.48866292908275993        1.1143555836914334E-005   8.0960596074762829E-004
  0.49711484039863213        1.1264048491028813E-005   8.2120356885243603E-004
  0.50559459610518220        1.1391381784099428E-005   8.3347744139162377E-004
  0.51410086758417950        1.1525626596966007E-005   8.4623608263722323E-004
  0.52263227536050449        1.1665743618868768E-005   8.5924731448614995E-004
  0.53118738272972477        1.1810507020486528E-005   8.7246896360049036E-004
  0.53976469277112793        1.1959708982204058E-005   8.8608383300642541E-004
  0.54836265221497227        1.2114421980959522E-005   9.0039642265333272E-004
  0.55697964995202365        1.2276953186168688E-005   9.1576089744510288E-004
  0.56561401366864261        1.2449687448100465E-005   9.3222067051281280E-004
  0.57426400480404960        1.2633588781722124E-005   9.4965691070511918E-004
  0.58292782422426448        1.2827751477133978E-005   9.6787049952265644E-004
  0.59160360444102389        1.3029781613751244E-005   9.8665075338897376E-004
  0.60028940533300645        1.3238179321262403E-005   1.0060495901769550E-003
  0.60898321934842270        1.3453215976035931E-005   1.0262478576094026E-003
  0.61768296967616809        1.3676686401298880E-005   1.0474376358892920E-003
  0.62638650303917975        1.3911225356637895E-005   1.0697580441137856E-003
  0.63509158804953836        1.4158840929859915E-005   1.0932548901251464E-003
  0.64379592076803505        1.4420731503973093E-005   1.1179523593532934E-003
  0.65249711499175678        1.4696609965780270E-005   1.1438309002729894E-003
  0.66119269876805908        1.4985792630876439E-005   1.1709538506611016E-003
  0.66988012005685826        1.5287365228188460E-005   1.1994117047350915E-003
  0.67855674293954771        1.5600285968967805E-005   1.2292687959205132E-003
  0.68721983892328498        1.5923549130595196E-005   1.2605821142002923E-003
  0.69586658833370618        1.6256356331533678E-005   1.2934561552472225E-003
  0.70449408470043795        1.6599077874091854E-005   1.3279441350077348E-003
  0.71309932539562759        1.6952252605959377E-005   1.3641153973453822E-003
  0.72167920548158726        1.7312785454809080E-005   1.4020607152173401E-003
  0.73023052580804593        1.7672800847119268E-005   1.4418719369548776E-003
  0.73874998358238175        1.8023548573759823E-005   1.4835714181319433E-003
  0.74723416985299551        1.8358851865092253E-005   1.5270647546180498E-003
  0.75567957531395435        1.8678298428754503E-005   1.5723237307030099E-003
  0.76408258188574496        1.8986768694084172E-005   1.6193618796531294E-003
  0.77243945278858861        1.9292317688139566E-005   1.6683737319767775E-003
  0.78065125818836467        1.9620483639719356E-005   1.7196100292409403E-003
  0.78862543567960319        2.0050117775434505E-005   1.7727339778188730E-003
  0.79636811078464720        2.0670266489320198E-005   1.8268794601856921E-003
  0.80388526202987443        2.1388854051778049E-005   1.8817040964238519E-003
  0.81118272635798150        2.2200894192543887E-005   1.9369526417453542E-003
  0.81826619467444139        2.3120504959667849E-005   1.9926239067613082E-003
  0.82514122448929095        2.4126803781307310E-005   2.0487920960990500E-003
  0.83181324422477665        2.5195664652498399E-005   2.1055324215163173E-003
  0.83828754803021954        2.6278749166666963E-005   2.1628845635129419E-003
  0.84456930028016586        2.7230675055867950E-005   2.2211103343308695E-003
  0.85066354513513365        2.8140872184738723E-005   2.2805656616441405E-003
  0.85657520451627911        2.9079370039497352E-005   2.3413071567132781E-003
  0.86230908582175458        3.0067663528111675E-005   2.4033337431223233E-003
  0.86786988103398421        3.1121716103926790E-005   2.4668340784875691E-003
  0.87326216673035184        3.2248505676402397E-005   2.5321710649910938E-003
  0.87849041019922236        3.3447007894329552E-005   2.5998503085348707E-003
  0.88355896834345105        3.4719821319250042E-005   2.6699891016466826E-003
  0.88847209783075676        3.6076680092978893E-005   2.7420567596461946E-003
  0.89323395651417958        3.7517779157263218E-005   2.8158937689673480E-003
  0.89784860206143369        3.9040535766863334E-005   2.8914292673471809E-003
  0.90231999305720512        4.0609354862916433E-005   2.9684335514292559E-003
  0.90665199099057947        4.2086930820203565E-005   3.0472841378846698E-003
  0.91084836886279774        4.3400661905623862E-005   3.1285016915978407E-003
  0.91491280992272972        4.4744009961110059E-005   3.2122150982311598E-003
  0.91884891024568560        4.6144195156116064E-005   3.2984323864177940E-003
  0.92266018446047615        4.7607223242910682E-005   3.3872459727197191E-003
  0.92635006296660716        4.9137131221515174E-005   3.4785394537699167E-003
  0.92992189093432931        5.0734900372402746E-005   3.5721343427041305E-003
  0.93337893570934205        5.2397889895792695E-005   3.6680167822033347E-003
  0.93672439083382064        5.4120543582584730E-005   3.7662754523363198E-003
  0.93996137573198379        5.5894626631528524E-005   3.8668352883575556E-003
  0.94309293469957045        5.7705947559590102E-005   3.9694377315365780E-003
  0.94612203672286266        5.9530381123300794E-005   4.0738203516704858E-003
  0.94905158578052307        6.1339411793935800E-005   4.1797959376700146E-003
  0.95188442485334501        6.3149109794915714E-005   4.2873061804381491E-003
  0.95462333043699199        6.4974676331066460E-005   4.3964209547377644E-003
  0.95727100917617147        6.6818860319897187E-005   4.5068942625461784E-003
  0.95983009781778494        6.8677181802062059E-005   4.6180556354845706E-003
  0.96230317687722211        7.0540506041859077E-005   4.7293608049152613E-003
  0.96469278310150131        7.2397327690492733E-005   4.8406073700769433E-003
  0.96700140049876970        7.4237258159334717E-005   4.9513367474920628E-003
  0.96923145019818124        7.6052860713919513E-005   5.0604983814098205E-003
  0.97138528233566623        7.7840154442726403E-005   5.1669327685654855E-003
  0.97346517838490321        7.9621924780937201E-005   5.2697936009776600E-003
  0.97547339641223119        8.1448433719879073E-005   5.3682615825573158E-003
  0.97741217774579803        8.3331994844273007E-005   5.4612824099012436E-003
  0.97928371768675770        8.5276295893510297E-005   5.5474508833197565E-003
  0.98109014132151062        8.7282673169098706E-005   5.6250708359663545E-003
  0.98283348585429964        8.9352349065224609E-005   5.6921726164835410E-003
  0.98451572019251454        9.1482972604178567E-005   5.7465935990605125E-003
  0.98613882819607013        9.3665195784423469E-005   5.7862676731898852E-003
  0.98770480197543475        9.5887775683982919E-005   5.8085610000463920E-003
  0.98921560456241697        9.8118996118017022E-005   5.8099628489550869E-003
  0.99067313482702235        1.0029196554920059E-004   5.7870220708931214E-003
  0.99207919401497413        1.0226549372544193E-004   5.7359718740179668E-003
  0.99343547074605287        1.0365609819058165E-004   5.6528574375410050E-003
  0.99474367114168982        1.0283216742873527E-004   5.5359034671552988E-003
  0.99600556694478504        9.3834354393302989E-005   5.3888655999026940E-003
  0.99722294116803845        8.0161552449756210E-005   5.2292455920595546E-003
  0.99839754462948282        7.2505209654692625E-005   5.0631881875089638E-003
  0.99953104750125721        7.0799788975442552E-005   4.8705885724295121E-003
   1.0006249863021233        7.1277417937518078E-005   4.6304331945469087E-003
   1.0016806823257298        7.3166629142739449E-005   4.3332861471353365E-003
   1.0026992754421307        7.5675972592019613E-005   3.9833900382540656E-003
   1.0036823191135795        7.8243812709360221E-005   3.5920863671934050E-003
   1.0046317642346101        8.0731332247581630E-005   3.1689839362509810E-003
   1.0055496928087251        8.3149268282322206E-005   2.7348834391537442E-003
   1.0064380372157775        8.5496931933276706E-005   2.3357858475403412E-003
   1.0072982857527797        8.7542205702551682E-005   1.9746146063169124E-003
   1.0081311814892508        8.9524620025321699E-005   1.4936088433974808E-003
   1.0089370676667071        9.0471281283815083E-005   8.0434411222082055E-004
   1.0097171732016479        9.2596195506901283E-005   8.3278233256282045E-005
   1.0104729234171423        9.0462818613168668E-005   5.8695221374850258E-004
   1.0112057423684104        9.4062881311872569E-005   1.2381165437746449E-003
   1.0119170330372840        9.9326718618312159E-005   1.8863726332390427E-003
   1.0126081641500684        1.0161812601262339E-004   2.5734136661869017E-003
   1.0132804629766106        1.0188575418574039E-004   3.3240509916948606E-003
   1.0139352133700221        1.0115843879425117E-004   4.1435097373554736E-003
   1.0145736454939329        9.9628383576410017E-005   5.0290998722907730E-003
   1.0151968737727599        9.6387018973565161E-005   5.9589534093444432E-003
   1.0158060662807478        9.2679820680744755E-005   6.9133733974333280E-003
   1.0164024548568644        8.8824443164978308E-005   7.8632955713300694E-003
   1.0169872435624481        8.5397029449434938E-005   8.7832445713645312E-003
   1.0175615519757313        8.3993725381767518E-005   9.6732009452885036E-003
   1.0181263896436399        8.5925043987530525E-005   1.0554391824869253E-002
   1.0186826557184476        8.7978974515851171E-005   1.1434536494234334E-002
   1.0192311581468294        8.4426160662997196E-005   1.2294007639723280E-002
   1.0197726479612876        7.9999373893853423E-005   1.3118691517616446E-002
   1.0203141377757459        7.5540421438430959E-005   1.3893503675088351E-002
   1.0208626402041276        6.6538525195583616E-005   1.4624901861473230E-002
   1.0214189062789354        5.1503917624692043E-005   1.5331882195507802E-002
   1.0219837439468440        3.6951875810260590E-005   1.6026217396812634E-002
   1.0225580523601272        2.7739521964327253E-005   1.6708245008774814E-002
   1.0231428410657109        2.2432799845121753E-005   1.7367253987509743E-002
   1.0237392296418277        1.8466504037197375E-005   1.7977689857894275E-002
   1.0243484221498156        1.4868097879822995E-005   1.8495779959181894E-002
   1.0249716504286426        1.1953779782197615E-005   1.8899994197625707E-002
   1.0256100825525534        9.5609483209865725E-006   1.9212920314776543E-002
   1.0262648329459649        7.5913708447283445E-006   1.9457528137955878E-002
   1.0269371317725071        5.8068845017626149E-006   1.9659638175193232E-002
   1.0276282628852915        4.1374229899477848E-006   1.9815358634402949E-002
   1.0283395535541651        2.8076822189204482E-006   1.9916181578209853E-002
   1.0290723725054332        2.7274819171098488E-006   1.9949888105596822E-002
   1.0298281227209276        3.1917294024822392E-006   1.9900568841551315E-002
   1.0306082282558684        4.1096535432283283E-006   1.9769638690648079E-002
   1.0314141144333246        5.3241022804752746E-006   1.9581689975832216E-002
   1.0322470101697958        6.6293442074016793E-006   1.9369222620417511E-002
   1.0331072587067980        8.1704259295463660E-006   1.9106983909464505E-002
   1.0339956031138504        1.0304955980244132E-005   1.8723817721314949E-002
   1.0349135316879654        1.2959299892508901E-005   1.8209807274004095E-002
   1.0358629768089960        1.5864770746493974E-005   1.7601271819701111E-002
   1.0368460204804448        1.8733594178675464E-005   1.6947274956230652E-002
   1.0378646135968457        2.1300808487940630E-005   1.6298666273624925E-002
   1.0389203096204522        2.3491962266102418E-005   1.5670979256009555E-002
   1.0400142484213182        2.5403013032392755E-005   1.5040530330155420E-002
   1.0411477512930924        2.7131069398191405E-005   1.4384568165630073E-002
   1.0423223547545368        2.8647743826386076E-005   1.3704440788624166E-002
   1.0435397289777901        2.9900948169556045E-005   1.3011861961523895E-002
   1.0448016247808853        3.0851085500205819E-005   1.2322846572017895E-002
   1.0461098251765224        3.1482577614269553E-005   1.1652201570872293E-002
   1.0474661019076013        3.1805131476477693E-005   1.1009059416571437E-002
   1.0488721610955531        3.1854840433078623E-005   1.0392959389406622E-002
   1.0503296913601585        3.1671567885550144E-005   9.8009114061188961E-003
   1.0518404939471406        3.1295858333480291E-005   9.2329636031765056E-003
   1.0534064677265054        3.0997472846869551E-005   8.6925992598559688E-003
   1.0550295757300610        3.1805310346715596E-005   8.1862958667442785E-003
   1.0567118100682757        3.2367300847841231E-005   7.7142609388912630E-003
   1.0584551546010648        3.2582605264145736E-005   7.2741219473338205E-003
   1.0602615782358178        3.2465996407946205E-005   6.8629417879121973E-003
   1.0621331181767775        3.2109446310101764E-005   6.4792314292365484E-003
   1.0640718995103444        3.1934409972052803E-005   6.1220897046100013E-003
   1.0660801175376724        3.1920176312860944E-005   5.7897636002376615E-003
   1.0681600135869094        3.1983373530120905E-005   5.4804438404894330E-003
   1.0703138457243944        3.2090265153464783E-005   5.1924225015254830E-003
   1.0725438954238060        3.2164828606385788E-005   4.9228851051770460E-003
   1.0748525128210744        3.2202815125104256E-005   4.6671312248964449E-003
   1.0772421190453536        3.2746829891438760E-005   4.4199788436697076E-003
   1.0797151981047908        3.6392939699628847E-005   4.1802413562143917E-003
   1.0822742867464044        5.1039581653209576E-005   3.9580452285314319E-003
   1.0849219654855840        7.3636527070068320E-005   3.7665345825671332E-003
   1.0876608710692310        8.0042735728741199E-005   3.6111734632658897E-003
   1.0904937101420531        8.2204259047268392E-005   3.4655055761253265E-003
   1.0934232591997135        8.2892534458832244E-005   3.3250701364941895E-003
   1.0964523612230057        8.2861193170129244E-005   3.1895834360042073E-003
   1.0995839201905926        8.2410051565300958E-005   3.0594575344263493E-003
   1.1028209050887559        8.1686859380143115E-005   2.9350092688783316E-003
   1.1061663602132346        8.0770054997309577E-005   2.8163456724944981E-003
   1.1096234049882472        7.9703007072050145E-005   2.7035216913657346E-003
   1.1131952329559693        7.8514196966745242E-005   2.5964450728769295E-003
   1.1168851114621006        7.7228648322143556E-005   2.4947773013363310E-003
   1.1206963856768912        7.5870706023154006E-005   2.3980971646476975E-003
   1.1246324859998471        7.4468568762880806E-005   2.3060880157644527E-003
   1.1286969270597791        7.3074260985782423E-005   2.2185200871757634E-003
   1.1328933049319974        7.1788132517358711E-005   2.1352126596979413E-003
   1.1372253028653718        7.0588244932469105E-005   2.0560183429796856E-003
   1.1416966938611435        6.9428480446318106E-005   1.9806352243736201E-003
   1.1463113394083977        6.8238367325977869E-005   1.9083573260791969E-003
   1.1510731980918205        6.6860898238413019E-005   1.8386238747477256E-003
   1.1559863275791264        6.5234377666786563E-005   1.7713907726820154E-003
   1.1610548857233554        6.3518055632774304E-005   1.7065301624098936E-003
   1.1662831291922260        6.1795797494164430E-005   1.6441587919287762E-003
   1.1716754148885937        6.0089821150111490E-005   1.5846779147438090E-003
   1.1772362101008234        5.8381606681968472E-005   1.5279632733387156E-003
   1.1829700914062988        5.6708033891042350E-005   1.4735763542579178E-003
   1.1888817507874445        5.5176967471763111E-005   1.4212873369058550E-003
   1.1949759956424124        5.3763816130184511E-005   1.3710570643775081E-003
   1.2012577478923590        5.2250469357659797E-005   1.3225288229394613E-003
   1.2077320516978021        5.0252074947535407E-005   1.2751404449424125E-003
   1.2144040714332878        4.7191603820555435E-005   1.2288176457535254E-003
   1.2212791012481374        4.3731510598935534E-005   1.1835419815423914E-003
   1.2283625695645974        4.0204122584066219E-005   1.1396086952017482E-003
   1.2356600338927048        3.6400629616141440E-005   1.0972701320233760E-003
   1.2431771851379323        3.0078064568579584E-005   1.0562173942481354E-003
   1.2509198602429765        2.5564950124475232E-005   1.0162508977236452E-003
   1.2588940377342153        2.2648992911546711E-005   9.7769894404404708E-004
   1.2671058431339921        2.0716763353885971E-005   9.4085727362082914E-004
   1.2754627140368369        1.9361185839147341E-005   9.0603506186477602E-004
   1.2838657206086275        1.8335463052678320E-005   8.7343965040635491E-004
   1.2923111260695861        1.7497467344243781E-005   8.4290495975410725E-004
   1.3007953123401996        1.6773433930241257E-005   8.1402070355223214E-004
   1.3093147701145353        1.6125071833628329E-005   7.8651899973173592E-004
   1.3178660904409938        1.5533813880676485E-005   7.6031901774847497E-004
   1.3264459705269533        1.4989663504741523E-005   7.3546913376588475E-004
   1.3350512112221429        1.4489234437321533E-005   7.1193118769077033E-004
   1.3436787075888748        1.4032712941702045E-005   6.8961145777710303E-004
   1.3523254569992957        1.3617116604763275E-005   6.6840612470425817E-004
   1.3609885529830328        1.3236742790398698E-005   6.4822344400709570E-004
   1.3696651758657221        1.2886216729720867E-005   6.2897728471434918E-004
   1.3783525971545210        1.2560524390158507E-005   6.1054544521941601E-004
   1.3870481809308233        1.2255780082549997E-005   5.9285589282063935E-004
   1.3957493751545449        1.1968710617310797E-005   5.7585975574246228E-004
   1.4044537078730415        1.1697182018850309E-005   5.5947198373415585E-004
   1.4131587928834000        1.1440491428122753E-005   5.4360856641351082E-004
   1.4218623262464114        1.1198254463244287E-005   5.2823973042126070E-004
   1.4305620765741569        1.0970253046470342E-005   5.1336378428532871E-004
   1.4392558905895732        1.0755796983172199E-005   4.9901998953458455E-004
   1.4479416914815557        1.0553617966802728E-005   4.8524557079224049E-004
   1.4566174716983149        1.0361962669567374E-005   4.7199049140014528E-004
   1.4652812911185296        1.0179199370593563E-005   4.5911392852579248E-004
   1.4739312822539365        1.0004585186427604E-005   4.4646859428453591E-004
   1.4825656459705556        9.8381554076099186E-006   4.3401793016029203E-004
   1.4911826437076070        9.6798987812951927E-006   4.2179345144856999E-004
   1.4997806031514511        9.5293677378608158E-006   4.0990911130709946E-004
   1.5083579131928542        9.3853159462300438E-006   3.9844855877755811E-004
   1.5169130205620744        9.2459411940567504E-006   3.8731883905083916E-004
   1.5254444283383992        9.1095079531204465E-006   3.7633813163979850E-004
   1.5339506998173966        8.9753665668698602E-006   3.6528363023350871E-004
   1.5424304555239465        8.8439150801736026E-006   3.5406252211865217E-004
   1.5508823668398186        8.7161779999481492E-006   3.4275037096707407E-004
   1.5593051580133852        8.5922629407325146E-006   3.3146196894133501E-004
   1.5676976035795300        8.4716247878720693E-006   3.2032391428487515E-004
   1.5760585275796468        8.3531414436873200E-006   3.0928886556134928E-004
   1.5843868007038975        8.2354000163715197E-006   2.9821309610569033E-004
   1.5926813414708578        8.1169610518537531E-006   2.8692387376116164E-004
   1.6009411161399487        7.9971764316054160E-006   2.7527326050312361E-004
   1.6091651337435571        7.8759626928143259E-006   2.6324373678555469E-004
   1.6173524461809887        7.7537338761185393E-006   2.5087418117731149E-004
   1.6255021480297600        7.6291133851866303E-006   2.3821209660574826E-004
   1.6336133729966311        7.5006907628637934E-006   2.2529076842502167E-004
   1.6416852937291169        7.3669320947581422E-006   2.1200797448249896E-004
   1.6497171213906008        7.2267379185528384E-006   1.9824075071284266E-004
   1.6577081058778891        7.0793853688749916E-006   1.8384575567537763E-004
   1.6656575335474693        6.9246844650270922E-006   1.6876492510506898E-004
   1.6735647252077328        6.7630313044342225E-006   1.5306142952715765E-004
   1.6814290363774562        6.5950287865237480E-006   1.3682887096692174E-004
   1.6892498547023000        6.4200895679989903E-006   1.2016787000242857E-004
   1.6970265996651730        6.2374943524656545E-006   1.0316128752761523E-004
   1.7047587223433285        6.0467211705723397E-006   8.5894386239104232E-005
   1.7124457050253183        5.8481443745346076E-006   6.8506816822725382E-005
   1.7200870598969638        5.6428116396040293E-006   5.1235327558864439E-005
   1.7276823263900363        5.4290661766271453E-006   3.1167969921346535E-005
   1.7352310720367903        5.2104085066592426E-006   8.2703511669678416E-006
   1.7427328929116346        4.9817776736607265E-006  -2.1566043736744363E-005
   1.7501874100601864        4.7507656881811926E-006  -6.3523209051168705E-005
   1.7575942681160222        4.4848296562766857E-006  -1.5484782639900335E-004
   1.7649531378511278        4.2028987689412982E-006  -2.7868992579630956E-004
   1.7722637139685633        3.9295336166354672E-006  -4.0443011715126401E-004
   1.7795257140055241        3.6665550786761128E-006  -5.1628515852877432E-004
   1.7867388777153665        3.3867086627534197E-006  -6.2437466556025320E-004
   1.7939029681002130        3.0652362405261901E-006  -7.5160574683961676E-004
   1.8010177684906663        2.7237164708435128E-006  -8.8740778936903118E-004
   1.8080830808630730        2.3724378089873027E-006  -1.0196579836856494E-003
   1.8150987270218519        2.0094140273637002E-006  -1.1524058144871006E-003
   1.8220645495362235        1.6073850005494312E-006  -1.2742798204470672E-003
   1.8289804096204039        1.1046431992013311E-006  -1.3842431362552725E-003
   1.8358461850807697        5.5726325495704522E-007  -1.4774396067049010E-003
   1.8426617718382834       -4.2995900421865465E-008  -1.5533556406311499E-003
   1.8494270832930688       -6.9951374534458828E-007  -1.6101855276938917E-003
   1.8561420476429389       -1.4043273028650682E-006  -1.6473762573419326E-003
   1.8628066082454491       -2.1085556390951334E-006  -1.6646423724686089E-003
   1.8694207252659216       -2.7567490123916267E-006  -1.6621444973170532E-003
   1.8759843742155851       -3.2900139817234619E-006  -1.6416966859295662E-003
   1.8824975430818296       -3.6401267917377843E-006  -1.6052761688740934E-003
   1.8889602329376574       -3.7571841612108547E-006  -1.5569017008185422E-003
   1.8953724601011674       -3.5779650971560148E-006  -1.4991487909869045E-003
   1.9017342529914125       -3.0623341249788605E-006  -1.4350945807880251E-003
   1.9080456510994890       -2.1865263030923740E-006  -1.3673318926929929E-003
   1.9143067075698683       -1.0259918881182566E-006  -1.2993457032485188E-003
   1.9205174877793270        3.8548125388692817E-007  -1.2330541786680779E-003
   1.9266780656727462        2.0185810249322777E-006  -1.1693651383179347E-003
   1.9327885263973323        3.8627071104667491E-006  -1.1084170269069350E-003
   1.9388489659063000        5.8969340735709676E-006  -1.0490248540529379E-003
   1.9448594894709614        8.1402864037681739E-006  -9.9041408062884237E-004
   1.9508202134967143        1.0611184106051578E-005  -9.3090960314837570E-004
   1.9567312644638353        1.3271400073597962E-005  -8.6924099466985242E-004
   1.9625927751625156        1.6089129442674134E-005  -8.0361587784980493E-004
   1.9684048860131942        1.8936533907998419E-005  -7.3373521938453550E-004
   1.9741677476341701        2.1154476125204243E-005  -6.6085887468382413E-004
   1.9798815187043592        2.1413261847508912E-005  -5.9277301091679134E-004
   1.9855463654025425        1.9192885226967889E-005  -5.5034611527370123E-004
   1.9911624623115507        1.5311464307449818E-005  -5.4853950869097109E-004
   1.9967299875141089        1.2175058399932704E-005  -5.9038441097669539E-004
   2.0022491270942124        9.2850983367504688E-006  -6.8035981726401466E-004
   2.0077200745821018        5.3894288966186900E-006  -8.2537384407754279E-004
   2.0131430307941889        2.4718774030162964E-006  -1.0396386755006876E-003
   2.0185181987844985        1.8223193891368107E-006  -1.2941133079936835E-003
   2.0238457912877119        5.3975449750322057E-006  -1.4745035338270891E-003
   2.0291260064867931        2.2658704174608542E-005  -1.3523828720509716E-003
   2.0343591132887111        4.1163730558367218E-005  -6.1649089029849153E-004
   2.0395452959225744        4.7255850736021174E-005   7.2351479064797285E-004
