66	-0.0049708	1.29e-05
67	-0.001682	2.47e-05
68	0.001682	3.37e-05
69	0.0051176	4.11e-05
70	0.0086259	4.82e-05
71	0.01221	5.54e-05
72	0.015871	6.29e-05
73	0.019611	7.1e-05
74	0.023429	7.96e-05
75	0.027328	8.86e-05
76	0.031311	9.81e-05
77	0.035378	0.000108
78	0.03953	0.000119
79	0.04377	0.000129
80	0.048099	0.000141
81	0.052518	0.000152
82	0.05703	0.000164
83	0.061635	0.000177
84	0.066335	0.00019
85	0.071133	0.000203
86	0.076029	0.000217
87	0.081027	0.000232
88	0.086126	0.000246
89	0.091329	0.000262
90	0.096638	0.000278
91	0.10205	0.000294
92	0.10758	0.000311
93	0.11322	0.000329
94	0.11897	0.000347
95	0.12483	0.000366
96	0.13081	0.000385
97	0.1369	0.000405
98	0.14312	0.000428
99	0.14946	0.000449
100	0.15592	0.000468
101	0.16251	0.000488
102	0.16922	0.000508
103	0.17606	0.000529
104	0.18303	0.00055
105	0.19013	0.000572
106	0.19737	0.000594
107	0.20474	0.000616
108	0.21225	0.000639
109	0.21989	0.000662
110	0.22767	0.000685
111	0.2356	0.00071
112	0.24366	0.000735
113	0.25187	0.00076
114	0.26023	0.000787
115	0.26873	0.000814
116	0.27737	0.000841
117	0.28617	0.000869
118	0.29511	0.000897
119	0.30421	0.000926
120	0.31345	0.000954
121	0.32284	0.000984
122	0.33239	0.00101
123	0.34209	0.00104
124	0.35194	0.00108
125	0.36194	0.00112
126	0.3721	0.00115
127	0.38241	0.00119
128	0.39287	0.00123
129	0.40347	0.00127
130	0.41424	0.0013
131	0.42514	0.00134
132	0.4362	0.00139
133	0.44741	0.00143
134	0.45875	0.00148
135	0.47025	0.00152
136	0.48187	0.00156
137	0.49364	0.00162
138	0.50555	0.00167
139	0.51758	0.00172
140	0.52974	0.00177
141	0.54202	0.00182
142	0.55442	0.00186
143	0.56694	0.00192
144	0.57956	0.00197
145	0.59228	0.00202
146	0.6051	0.00209
147	0.618	0.00215
148	0.63099	0.00219
149	0.64404	0.00224
150	0.65716	0.00229
151	0.67032	0.00234
152	0.68354	0.0024
153	0.69677	0.00245
154	0.71003	0.00251
155	0.72329	0.00258
156	0.73654	0.00265
157	0.74947	0.00272
158	0.76179	0.00279
159	0.77354	0.00284
160	0.78474	0.0029
161	0.79541	0.00294
162	0.80558	0.00298
163	0.81527	0.00302
164	0.82451	0.00305
165	0.83331	0.00308
166	0.84169	0.00311
167	0.84968	0.00314
168	0.8573	0.00316
169	0.86455	0.00318
170	0.87146	0.0032
171	0.87804	0.00322
172	0.88431	0.00324
173	0.89029	0.00326
174	0.89598	0.00327
175	0.9014	0.00329
176	0.90656	0.0033
177	0.91148	0.00332
178	0.91617	0.00333
179	0.92064	0.00334
180	0.92489	0.00335
181	0.92895	0.00337
182	0.93281	0.00338
183	0.93649	0.00339
184	0.93999	0.0034
185	0.94333	0.00341
186	0.94651	0.00342
187	0.94955	0.00342
188	0.95244	0.00343
189	0.9552	0.00344
190	0.95782	0.00345
191	0.96033	0.00345
192	0.96272	0.00346
193	0.965	0.00347
194	0.96717	0.00347
195	0.96925	0.00348
196	0.97123	0.00349
197	0.97312	0.00349
198	0.97492	0.0035
199	0.97664	0.00351
200	0.97828	0.00351
201	0.97985	0.00352
202	0.98135	0.00352
203	0.98279	0.00353
204	0.98416	0.00354
205	0.98548	0.00354
206	0.98673	0.00355
207	0.98793	0.00356
208	0.98908	0.00356
209	0.99019	0.00357
210	0.99125	0.00357
211	0.99226	0.00358
212	0.99323	0.00358
213	0.99416	0.00359
214	0.99505	0.00359
215	0.9959	0.0036
216	0.99671	0.0036
217	0.9975	0.00361
218	0.99825	0.00361
219	0.99898	0.00361
220	0.99971	0.00362
221	1.0004	0.00362
222	1.0012	0.00362
223	1.0019	0.00362
224	1.0026	0.00362
225	1.0033	0.00363
226	1.004	0.00363
227	1.0047	0.00363
228	1.0054	0.00363
229	1.0061	0.00363
230	1.0068	0.00363
231	1.0074	0.00363
232	1.008	0.00363
233	1.0087	0.00363
234	1.0093	1.29e-05
235	1.0099	1.2e-05
236	1.0105	1.07e-05
237	1.0111	9.11e-06
238	1.0117	6.81e-06
239	1.0124	3.52e-06
240	1.013	1.26e-06
241	1.0136	-1.42e-06
242	1.0142	-4.4e-06
243	1.0148	-7.6e-06
244	1.0155	-1.1e-05
245	1.0162	-1.45e-05
246	1.0169	-1.82e-05
247	1.0176	-2.2e-05
248	1.0183	-2.58e-05
249	1.0191	0.00363
250	1.0199	0.00364
251	1.0207	0.00364
252	1.0215	0.00364
253	1.0223	0.00364
254	1.0232	0.00365
255	1.0241	0.00365
256	1.0251	0.00365
257	1.0261	0.00366
258	1.0271	0.00366
259	1.0283	0.00367
260	1.0295	0.00367
261	1.0307	0.00368
262	1.032	0.00369
263	1.0334	0.00369
264	1.0349	0.0037
265	1.0364	0.00371
266	1.038	0.00372
267	1.0397	0.00373
268	1.0414	0.00374
269	1.0433	0.00375
270	1.0452	0.00376
271	1.0472	0.00377
272	1.0493	0.00378
273	1.0514	0.00379
274	1.0537	0.0038
275	1.0561	0.00382
276	1.0586	0.00383
277	1.0612	0.00385
278	1.0639	0.00386
279	1.0667	0.00388
280	1.0696	0.00389
281	1.0727	0.00391
282	1.0758	0.00393
283	1.0791	0.00394
284	1.0825	0.00396
285	1.0861	0.00398
286	1.0898	0.004
287	1.0936	0.00402
288	1.0976	0.00405
289	1.1017	0.00407
290	1.106	0.00409
291	1.1105	0.00411
292	1.1151	0.00414
293	1.1199	0.00416
294	1.1248	0.00418
295	1.13	0.00421
296	1.1353	0.00423
297	1.1408	0.00425
298	1.1465	0.00428
299	1.1524	0.0043
300	1.1585	0.00433
301	1.1649	0.00436
302	1.1714	0.00439
303	1.1782	0.00441
304	1.1852	0.00444
305	1.1924	0.00448
306	1.1998	0.00451
307	1.2073	0.00455
308	1.2148	0.00458
309	1.2224	0.00462
310	1.23	0.00466
311	1.2376	0.0047
312	1.2453	0.00474
313	1.2531	0.00478
314	1.2608	0.00482
315	1.2686	0.00487
316	1.2765	0.0049
317	1.2843	0.00495
318	1.2922	0.005
319	1.3001	0.00505
320	1.308	0.0051
321	1.3159	0.00513
322	1.3238	0.00517
323	1.3317	0.00521
324	1.3397	0.00526
325	1.3476	0.0053
326	1.3556	0.00534
327	1.3635	0.00539
328	1.3714	0.00544
329	1.3794	0.00548
330	1.3873	0.00551
331	1.3952	0.00555
332	1.4031	0.00561
333	1.411	0.00565
334	1.4188	0.00568
335	1.4267	0.00572
336	1.4345	0.00577
337	1.4423	0.00581
338	1.4501	0.00585
339	1.4578	0.00589
340	1.4656	0.00592
341	1.4733	0.00596
342	1.4809	0.00601
343	1.4886	0.00604
344	1.4962	0.00608
345	1.5038	0.00612
346	1.5113	0.00615
347	1.5189	0.00618
348	1.5263	0.00622
349	1.5338	0.00625
350	1.5412	0.00629
351	1.5486	0.00632
352	1.5559	0.00635
353	1.5632	0.00639
354	1.5705	0.00642
355	1.5777	0.00645
356	1.5849	0.00648
357	1.592	0.00651
358	1.5991	0.00654
359	1.6061	0.00657
360	1.6131	0.00661
361	1.6201	0.00663
362	1.627	0.00666
363	1.6339	0.00669
364	1.6407	0.00672
365	1.6475	0.00675
366	1.6542	0.00677
367	1.6609	0.0068
368	1.6675	0.00682
369	1.6741	0.00685
370	1.6807	0.00688
371	1.6872	0.0069
372	1.6936	0.00693
373	1.7	0.00695
374	1.7064	0.00697
375	1.7127	0.00699
376	1.7189	0.00701
377	1.7252	0.00703
378	1.7313	0.00705
379	1.7374	0.00707
380	1.7435	0.0071
381	1.7495	0.00712
382	1.7555	0.00714
383	1.7614	0.00717
384	1.7673	0.00719
385	1.7731	0.00721
386	1.7789	0.00723
387	1.7846	0.00725
388	1.7903	0.00727
389	1.7959	0.00729
390	1.8015	0.00731
391	1.807	0.00733
392	1.8125	0.00734
393	1.818	0.00736
394	1.8234	0.00738
395	1.8287	0.00739
396	1.834	0.00741
397	1.8392	0.00742
398	1.8444	0.00744
399	1.8496	0.00745
400	1.8547	0.00747
401	1.8598	0.00749
402	1.8648	0.0075
403	1.8697	0.00752
404	1.8747	0.00753
405	1.8795	0.00755
406	1.8844	0.00756
407	1.8891	0.00758
408	1.8939	0.00759
409	1.8986	0.00761
410	1.9032	0.00762
411	1.9078	0.00764
412	1.9124	0.00766
413	1.9169	0.00768
414	1.9214	0.0077
415	1.9258	0.00771
416	1.9302	0.00773
417	1.9345	0.00775
418	1.9388	0.00777
419	1.9431	0.00778
420	1.9473	0.0078
421	1.9515	0.00782
422	1.9556	0.00783
423	1.9597	0.00785
424	1.9638	0.00786
425	1.9678	0.00788
426	1.9717	0.00789
427	1.9757	0.0079
428	1.9796	0.00791
429	1.9834	0.00792
430	1.9872	0.00793
431	1.991	0.00794
432	1.9947	0.00795
433	1.9984	0.00796
434	2.0021	0.00797
435	2.0057	0.00798
436	2.0093	0.00799
437	2.0128	0.00799
438	2.0163	0.008
439	2.0198	0.00801
440	2.0232	0.00802
441	2.0266	0.00803
442	2.03	0.00803
443	2.0333	0.00804
444	2.0366	0.00804
445	2.0399	0.00805
446	2.0431	0.00805
447	2.0463	0.00806
448	2.0494	0.00806
449	2.0526	0.00808
