   2.8605266395143474E-006
   3.0829252452880138E-006
   2.7724378889858478E-006
   2.6999163709519419E-006
   2.7199166696203701E-006
   2.7892382952553771E-006
   2.9128334849256099E-006
   3.0419281737853178E-006
   3.1297621298056760E-006
   3.2523058640934674E-006
   3.3881814163260860E-006
   3.4847103836553603E-006
   3.5857210195654008E-006
   3.6931592233178331E-006
   3.7909462282973195E-006
   3.8949551871164358E-006
   4.0137577418454697E-006
   4.1346215983836746E-006
   4.2550064258207205E-006
   4.3782469675007189E-006
   4.5031085356616126E-006
   4.6260513312872350E-006
   4.7507367099773178E-006
   4.8799644291529236E-006
   5.0177978154227108E-006
   5.1616035603984206E-006
   5.2989122951424468E-006
   5.4245317393293869E-006
   5.5503230803896994E-006
   5.7132974350759807E-006
   5.9775034507379838E-006
   6.5244938230557332E-006
   6.0401154158260135E-006
   5.1520325599796749E-006
   5.2243539016176046E-006
   5.3343478326399764E-006
   5.4395967692347247E-006
   5.5353928094469980E-006
   5.6327356286471445E-006
   5.7315923130293978E-006
   5.8359868496682342E-006
   5.9476843019265943E-006
   6.0746866472592370E-006
   6.2142359568680590E-006
   6.3535138478966176E-006
   6.4928962109684116E-006
   6.6298664582956906E-006
   6.7626248217353817E-006
   6.8742931809830434E-006
   6.9751352180340168E-006
   7.0788098001694505E-006
   7.1843814369207284E-006
   7.2947989918226717E-006
   7.4251934158608642E-006
   7.5834324925454314E-006
   7.7659048892414703E-006
   8.0195995934527950E-006
   9.2270994646537018E-006
   1.0545833395314049E-005
   9.7650180430196529E-006
   1.0646122036941912E-005
   1.0754952868890404E-005
   8.8256370223858410E-006
   8.9918877524163877E-006
   1.0852932420582338E-005
   1.2698667285014236E-005
   1.1243614930150288E-005
   1.1810306986775504E-005
   1.2039060312533401E-005
   1.1904298050306606E-005
   1.3765394784057182E-005
   1.4254428669270244E-005
   1.2801272006406231E-005
   1.3452087435285784E-005
   1.3639677080767578E-005
   1.0924253984600315E-005
   1.4115499751419424E-005
   1.4382847825909613E-005
   1.4390955876604072E-005
   1.7745717633501079E-005
   1.4896340136087631E-005
   1.1642662501740016E-005
   1.1762339489149715E-005
   1.1929588324474318E-005
   1.4209408651982651E-005
   1.6121080379786262E-005
   1.4030251104797148E-005
   1.5373197086277084E-005
   1.5535479363613761E-005
   1.4126396579192029E-005
   1.5611656051902067E-005
   1.3435462255107435E-005
   1.2091523404440755E-005
   1.1213392719821656E-005
   9.5671456674002883E-006
   8.6720010421311837E-006
   7.9939646782811955E-006
   7.4597539187820884E-006
   6.9654797547478391E-006
   6.5001981299838088E-006
   6.1610612944982440E-006
   5.7941180053971256E-006
   5.4495308001801072E-006
   5.2156221079888071E-006
   4.9418187645312800E-006
   4.7225228204010755E-006
   4.5500196201428801E-006
   4.3214285076472314E-006
   4.1640083477158421E-006
   3.9767179900455490E-006
   3.7697850259773656E-006
   3.6243358403828315E-006
   3.4650716558560346E-006
   3.3246226656404715E-006
   3.2229878020859873E-006
   3.0983459478552504E-006
   2.9641380166075403E-006
   2.8669679585077385E-006
   2.7686713381089562E-006
   2.6710322608804777E-006
   2.5786417715399888E-006
   2.4942689988314094E-006
   2.4145005069314019E-006
   2.3385981570900844E-006
   2.2683878415774232E-006
   2.2030675222966477E-006
   2.1427587154869176E-006
   2.0873320460893356E-006
   2.0351705759539096E-006
   1.9854416225459526E-006
   1.9373859409864733E-006
   1.8913269708067303E-006
   1.8487169925744203E-006
   1.8100884644076589E-006
   1.7753773513064115E-006
   1.7447272386019424E-006
   1.7168657246976364E-006
   1.6911772145276256E-006
   1.6667143971303187E-006
   1.6423178348087242E-006
   1.6169518228810564E-006
   1.5925270365318579E-006
   1.5708169395473967E-006
   1.5506617100521694E-006
   1.5321521958406845E-006
   1.5161085608003598E-006
   1.5036881635942771E-006
   1.4947662609999866E-006
   1.4874468093865054E-006
   1.4796189444776394E-006
   1.4677758734468435E-006
   1.4499323215299833E-006
   1.4273950288461097E-006
   1.4337856907164517E-006
   1.4567264616846408E-006
   1.4787800356155122E-006
   1.5001317994785610E-006
   1.5203291052426479E-006
   1.5370374977068166E-006
   1.5477631486144631E-006
   1.5505732007139306E-006
   1.5436213226717492E-006
   1.5284930294712843E-006
   1.5081939847265851E-006
   1.4842400506470632E-006
   1.4614004082274943E-006
   1.4556059025784525E-006
   1.4530028912804584E-006
   1.4372685872654276E-006
   1.4308735190602932E-006
   1.4207616486405187E-006
   1.4103522171313749E-006
   1.4060349062457329E-006
   1.3948499537447078E-006
   1.3791231528280492E-006
   1.3621270922761218E-006
   1.3446628684274918E-006
   1.3331275526940833E-006
   1.3197393402684114E-006
   1.3074980455992811E-006
   1.2991357357099499E-006
   1.2940343066819398E-006
   1.2928261167148200E-006
   1.2935415890631624E-006
   1.2940245049851128E-006
   1.3012563827555461E-006
   1.3169296147356171E-006
   1.3413385284728739E-006
   1.3740262333489476E-006
   1.4172079421673694E-006
   1.4701107536238398E-006
   1.5295252095322649E-006
   1.5928209568807591E-006
   1.6568669059047401E-006
   1.7194733791747519E-006
   1.7772470318140757E-006
   1.8358870488148998E-006
   1.9019143215339002E-006
   1.9717045191016330E-006
   2.0405848409984452E-006
   2.1039210819167683E-006
   2.1600920702834948E-006
   2.2105208275820202E-006
   2.2583415847218014E-006
   2.3071104667487775E-006
   2.3583257282924886E-006
   2.4133960411235999E-006
   2.4741220193019775E-006
   2.5375969694378245E-006
   2.6010520146150952E-006
   2.6623894088711698E-006
   2.7207665500642016E-006
   2.7776532967114697E-006
   2.8359789324086077E-006
   2.8972086540095514E-006
   2.9625282451706622E-006
   3.0291226048450498E-006
   3.0968744697340955E-006
   3.1664062697450532E-006
   3.2375221075344551E-006
   3.3083499621059379E-006
   3.3762512635760227E-006
   3.4368120288780067E-006
   3.4897558539944178E-006
   3.5422733082377830E-006
   3.5997962628936710E-006
   3.6634917010521747E-006
   3.7319545768231326E-006
   3.8039392339929780E-006
   3.8813360011683318E-006
   3.9694667315627369E-006
   4.0766153382546905E-006
   4.2119223417524176E-006
   4.3782026792864953E-006
   4.5754622948036279E-006
   4.7801082853240516E-006
   5.0047175237396680E-006
   5.2890686996743915E-006
   5.6462862447294641E-006
   6.0278088917129352E-006
   6.3702718878932547E-006
   6.6964092375034106E-006
   7.3020443953279626E-006
   8.5774637682337153E-006
   1.0179594109474243E-005
   9.5741991921790528E-006
   8.1606232455334493E-006
   1.0675754836411062E-005
   1.1079103911475816E-005
   8.6611036618182131E-006
   1.1579780969217693E-005
   1.1669805916112858E-005
   1.1313530388850285E-005
   1.1372176642540234E-005
   8.4209358674305154E-006
   8.3855644773707213E-006
   1.0966009394413597E-005
   1.0990635519125133E-005
   8.4160505295600931E-006
   1.0563634640818813E-005
   1.2797053878689306E-005
   1.0585341291799969E-005
   8.1906783755257646E-006
   8.1127507059987847E-006
   1.0205984907151563E-005
   1.2161980190982699E-005
   1.0081680986081197E-005
   8.0458071409717706E-006
   9.8366275148511729E-006
   1.1500087321291196E-005
   9.6636512638041013E-006
   9.6927585363660175E-006
   9.6100279316820912E-006
   7.7522983372452242E-006
   9.2461799258207339E-006
   1.0320255648120421E-005
   9.7886191302495693E-006
   9.9443729403641392E-006
   8.8139575789806023E-006
   7.3440042637763796E-006
   7.2920896529577751E-006
   8.8123718689875563E-006
   8.8142656804690263E-006
   8.5834864997427237E-006
   8.5069175792692237E-006
   8.1410050508802569E-006
   9.0013748790668986E-006
   7.9365982009719049E-006
   8.0337020346932696E-006
   7.9526924000699569E-006
   7.9162868274965261E-006
   7.8434216401793862E-006
   7.5198697995012385E-006
   8.3957421000245027E-006
   7.4439618716372048E-006
   6.4202010851536259E-006
   7.3556073511418708E-006
   7.9415827508949613E-006
   7.7278576763937877E-006
   7.0302852281038611E-006
   6.1295171819785152E-006
   6.9858345361835038E-006
   7.5185877715884746E-006
   7.0446185143823535E-006
   6.8156956291912413E-006
   6.8501254897819989E-006
   6.3151320299747341E-006
   5.5773184437690001E-006
   5.4686715229386418E-006
   5.3989433318731731E-006
   5.3430084072219371E-006
   5.2949034211950068E-006
   5.2864874217103694E-006
   6.2118377431318786E-006
   6.7757807153503032E-006
   6.3458295067375018E-006
   6.2177625427907068E-006
   6.1617752147391067E-006
   6.1036354612680149E-006
   6.0234474497477864E-006
   5.9240677454627518E-006
   5.8153249821505680E-006
   5.6981324083936606E-006
   5.5684863480111039E-006
   5.4017489991936960E-006
   5.2169842153979405E-006
   5.2473364308900596E-006
   4.8730558859018850E-006
   4.3186696498226013E-006
   4.2129404264818532E-006
   4.1395132917758847E-006
   4.0841288134612651E-006
   4.0633292167622346E-006
   4.8328324952668911E-006
   5.3320027112768944E-006
   4.9376622410421271E-006
   4.7257069480671948E-006
   4.5948134381330582E-006
   4.4698015118798708E-006
   4.3610545017151402E-006
   4.3441085941008106E-006
   4.4853624838400668E-006
   4.7288763431211079E-006
   4.9531310081176011E-006
   5.1248304458737694E-006
   5.1489757986006758E-006
   4.6146852780449828E-006
   3.9188721260181398E-006
   3.8925819035385011E-006
   4.0788642337018085E-006
   4.0429463476926573E-006
   3.9690176260375200E-006
   3.8932916834214125E-006
   3.8195401977628748E-006
   3.7483417193812699E-006
   3.6821294936618440E-006
   3.6221130076637971E-006
   3.5716584291736722E-006
   3.5700072884010259E-006
   3.4517153780596629E-006
   3.1943722818533226E-006
   3.0179993910647224E-006
   2.9247927498302699E-006
   2.8629348382902059E-006
   2.8170521245271968E-006
   2.7839063808753941E-006
   2.7632531948542722E-006
   2.7569159517486371E-006
   2.7644924221767446E-006
   2.7939706577803562E-006
   2.8502801674684937E-006
   2.8968200678244587E-006
   2.8997417539063110E-006
   2.8673373784533184E-006
   2.8109658284604327E-006
   2.7351428764505101E-006
   2.6491611482805154E-006
   2.5642008868568234E-006
   2.4898516047789979E-006
   2.4327981153432667E-006
   2.4007575688605802E-006
   2.2291219029018483E-006
   1.9444267414519978E-006
