RUN	PINF	    TINF	RDROP		UINF	     LWC	CHORD	    MACH	RE	  DT	ROUGH	   TIME
409 	0.90760e5   265.07	30.0e-6		67.1	     1.30e-3	0.5334	    0.2056	5.6000	  60.0	1.03E-3	   7
409_2	0.90760e5   265.07	30.0e-6		67.1	     1.30e-3	0.5334	    0.2056	5.6000	  60.0	2.0E-3	   7
402	0.90760e5   263.71	20.0e-6		102.8	     0.55e-3	0.5334	    0.3205	7.7600	  60.0	1.03E-3	   7
405 	0.90760e5   250.37	20.0e-6		102.8	     0.55e-3	0.5334	    0.3205	7.7600	  60.0	1.03E-3	   7
404	0.90760e5   256.56	20.0e-6		102.8	     0.55e-3	0.5334	    0.3205	7.7600	  60.0	1.03E-3	   7
421	0.90760e5   268.40	20.0e-6		67.1 	     1.00e-3	0.5334	    0.2043	5.2125	  60.0	1.03E-3	   7
421_2	0.90760e5   268.40	20.0e-6		67.1 	     1.00e-3	0.5334	    0.2043	5.2125	  60.0	2.40E-3	   7
422	0.90760e5   268.40	20.0e-6		67.1 	     1.00e-3	0.5334	    0.2043	5.2125	  60.0	1.03E-3	   7
422_2	0.90760e5   266.74	20.0e-6		67.1 	     1.00e-3	0.5334	    0.2049	5.2125	  60.0	2.20E-3	   7
423	0.90760e5   265.07	20.0e-6		67.1 	     1.00e-3	0.5334	    0.2056	5.2125	  60.0	1.03E-3	   7
423_2	0.90760e5   265.07	20.0e-6		67.1 	     1.00e-3	0.5334	    0.2056	5.2125	  60.0	2.10E-3	   7
424	0.90760e5   259.51	20.0e-6		67.1 	     1.00e-3	0.5334	    0.2080	5.5349	  60.0	1.03E-3	   7
424_2	0.90760e5   259.51	20.0e-6		67.1 	     1.00e-3	0.5334	    0.2080	5.5349	  60.0	1.70E-3	   7
425	1.01510e5   244.51	20.0e-6		67.1 	     1.00e-3	0.5334	    0.2143	6.1633	  60.0	1.03E-3	   7
425_2	1.01510e5   244.51	20.0e-6		67.1 	     1.00e-3	0.5334	    0.2143	6.1633	  60.0	0.40E-3	   7
426	1.01520e5   265.07	30.0e-6		67.1 	     1.06e-3	0.5334	    0.2056	5.3288	  60.0	1.03E-3	   7
427	1.01520e5   265.07	30.0e-6		67.1 	     1.30e-3	0.5334	    0.2056	5.3288	  60.0	1.03E-3	   7
428	1.01520e5   265.07	30.0e-6		67.1 	     1.60e-3	0.5334	    0.2056	5.3288	  60.0	1.03E-3	   7
429	1.01550e5   262.04	40.0e-6		102.8 	     0.86e-3	0.5334	    0.2143	5.3288	  60.0	1.03E-3	   7
308	0.90760e5   262.04	20.0e-6		102.8 	     1.00e-3	0.5334	    0.2056	7.7600	  60.0	1.03E-3	   7
314	0.90760e5   262.04	15.0e-6		102.8 	     0.60e-3	0.5334	    0.2056	7.7600	  60.0	1.03E-3	   7
316	0.90760e5   262.04	20.0e-6		102.8 	     0.55e-3	0.5334	    0.2056	7.7600	  60.0	1.03E-3	   4
206	1.01510e5   265.37	20.0e-6		102.8 	     0.34e-3	0.5334	    0.2056	5.2125	  60.0	1.03E-3	   12
207	1.01510e5   256.49	20.0e-6		102.8 	     0.34e-3	0.5334	    0.2056	5.2125	  60.0	1.03E-3	   12
212	1.01510e5   262.04	30.0e-6		102.8 	     0.44e-3	0.5334	    0.2056	5.2125	  60.0	1.03E-3	   9
213	1.01510e5   262.04	40.0e-6		102.8 	     0.48e-3	0.5334	    0.2056	5.2125	  60.0	1.03E-3	   8


