   0.00000   0.46039
   0.00316   0.05213
   0.00638   0.14913
   0.00967   0.18186
   0.01303   0.17921
   0.01647   0.16677
   0.01998   0.16151
   0.02356   0.15636
   0.02722   0.14447
   0.03096   0.13513
   0.03478   0.13014
   0.03868   0.12145
   0.04266   0.11675
   0.04673   0.11276
   0.05088   0.10688
   0.05512   0.10111
   0.05945   0.09645
   0.06387   0.09093
   0.06838   0.08547
   0.07299   0.08046
   0.07769   0.07579
   0.08248   0.07091
   0.08738   0.06627
   0.09238   0.06186
   0.09748   0.05768
   0.10268   0.05369
   0.10799   0.04961
   0.11341   0.04583
   0.11893   0.04259
   0.12457   0.03947
   0.13032   0.03607
   0.13618   0.03239
   0.14216   0.02941
   0.14826   0.02547
   0.15447   0.01999
   0.16081   0.01442
   0.16727   0.01010
   0.17386   0.00743
   0.18057   0.00338
   0.18741   0.00052
   0.19438  -0.00013
   0.20149  -0.00061
   0.20872  -0.00233
   0.21609  -0.00538
   0.22360  -0.00729
   0.23124  -0.01134
   0.23902  -0.01699
   0.24695  -0.02229
   0.25501  -0.02604
   0.26322  -0.02998
   0.27158  -0.03464
   0.28008  -0.03581
   0.28872  -0.03555
   0.29752  -0.03611
   0.30646  -0.03899
   0.31556  -0.04037
   0.32480  -0.04374
   0.33420  -0.04885
   0.34374  -0.05345
   0.35344  -0.05668
   0.36329  -0.06097
   0.37330  -0.06386
   0.38345  -0.06405
   0.39376  -0.06452
   0.40422  -0.06677
   0.41483  -0.06895
   0.42559  -0.07076
   0.43650  -0.07330
   0.44755  -0.07605
   0.45876  -0.07864
   0.47011  -0.08128
   0.48160  -0.08540
   0.49323  -0.08973
   0.50499  -0.09304
   0.51690  -0.09616
   0.52893  -0.09878
   0.54109  -0.09949
   0.55337  -0.10048
   0.56577  -0.10233
   0.57829  -0.10357
   0.59091  -0.10519
   0.60363  -0.10676
   0.61645  -0.10789
   0.62935  -0.10879
   0.64234  -0.10921
   0.65539  -0.10941
   0.66851  -0.10925
   0.68168  -0.10946
   0.69489  -0.11066
   0.70813  -0.10937
   0.72138  -0.10605
   0.73464  -0.09981
   0.74789  -0.08929
   0.76082  -0.09248
   0.77315  -0.07056
   0.78489  -0.07401
   0.79609  -0.07981
   0.80676  -0.06271
   0.81693  -0.04987
   0.82662  -0.03522
   0.83586  -0.02019
   0.84466  -0.00697
   0.85305   0.00534
   0.86104   0.01877
   0.86865   0.03205
   0.87590   0.04348
   0.88281   0.05315
   0.88940   0.06378
   0.89567   0.07580
   0.90164   0.08640
   0.90733   0.09352
   0.91275   0.09821
   0.91792   0.10343
   0.92284   0.10691
   0.92752   0.10896
   0.93199   0.11118
   0.93624   0.11463
   0.94030   0.11909
   0.94416   0.12311
   0.94784   0.12661
   0.95135   0.12982
   0.95469   0.13294
   0.95787   0.13606
   0.96090   0.13885
   0.96379   0.14054
   0.96655   0.14192
   0.96918   0.14496
   0.97168   0.14952
   0.97407   0.15529
   0.97635   0.16178
   0.97853   0.16840
   0.98060   0.17478
   0.98258   0.18119
   0.98447   0.18826
   0.98627   0.19609
   0.98799   0.20496
   0.98964   0.21518
   0.99121   0.22697
   0.99271   0.24050
   0.99414   0.25580
   0.99552   0.27295
   0.99683   0.29240
   0.99809   0.31486
   0.99929   0.33728
   1.00044   0.35701
   1.00154   0.37580
   1.00260   0.39487
   1.00361   0.41508
   1.00458   0.43732
   1.00551   0.46261
   1.00640   0.49209
   1.00725   0.52636
   1.00807   0.56407
   1.00885   0.60255
   1.00960   0.63776
   1.01034   0.66785
   1.01107   0.70284
   1.01180   0.74009
   1.01253   0.77666
   1.01325   0.81233
   1.01397   0.84620
   1.01469   0.87733
   1.01539   0.90478
   1.01609   0.92793
   1.01678   0.94643
   1.01745   0.96024
   1.01811   0.96960
   1.01876   0.97485
   1.01940   0.97596
   1.02003   0.97252
   1.02066   0.96527
   1.02128   0.95160
   1.02189   0.92913
   1.02250   0.89716
   1.02310   0.85878
   1.02371   0.81868
   1.02432   0.77829
   1.02493   0.73849
   1.02556   0.69664
   1.02620   0.65295
   1.02686   0.60756
   1.02753   0.55951
   1.02823   0.50805
   1.02895   0.45192
   1.02969   0.38918
   1.03044   0.33251
   1.03122   0.28068
   1.03201   0.22937
   1.03283   0.17739
   1.03367   0.12485
   1.03454   0.07236
   1.03545   0.02092
   1.03642  -0.02940
   1.03743  -0.07896
   1.03850  -0.12804
   1.03964  -0.17733
   1.04084  -0.22723
   1.04209  -0.27910
   1.04341  -0.32547
   1.04479  -0.36664
   1.04624  -0.40938
   1.04777  -0.45647
   1.04937  -0.50819
   1.05105  -0.56214
   1.05281  -0.61524
   1.05464  -0.66331
   1.05655  -0.70396
   1.05854  -0.73649
   1.06063  -0.76248
   1.06280  -0.78877
   1.06508  -0.81611
   1.06746  -0.84326
   1.06995  -0.86954
   1.07255  -0.89473
   1.07525  -0.91858
   1.07805  -0.94080
   1.08098  -0.96120
   1.08402  -0.98036
   1.08718  -1.00014
   1.09047  -1.02078
   1.09389  -1.04127
   1.09745  -1.06054
   1.10114  -1.07796
   1.10498  -1.09311
   1.10897  -1.10559
   1.11310  -1.11986
   1.11739  -1.13369
   1.12184  -1.13866
   1.12646  -1.13434
   1.13124  -1.12508
   1.13620  -1.11630
   1.14133  -1.11226
   1.14666  -1.11045
   1.15217  -1.10751
   1.15788  -1.10449
   1.16379  -1.10011
   1.16990  -1.09134
   1.17623  -1.07590
   1.18278  -1.05627
   1.18955  -1.03633
   1.19656  -1.01335
   1.20380  -0.98687
   1.21120  -0.95853
   1.21865  -0.93072
   1.22617  -0.90462
   1.23373  -0.87751
   1.24134  -0.85391
   1.24900  -0.82759
   1.25670  -0.80040
   1.26443  -0.76970
   1.27220  -0.78168
   1.28000  -0.76064
   1.28783  -0.73695
   1.29568  -0.72481
   1.30355  -0.72507
   1.31144  -0.71148
   1.31934  -0.68190
   1.32726  -0.65560
   1.33518  -0.67001
   1.34312  -0.65719
   1.35106  -0.61837
   1.35900  -0.61909
   1.36694  -0.59965
   1.37487  -0.59453
   1.38280  -0.58335
   1.39073  -0.57044
   1.39865  -0.56186
   1.40655  -0.55049
   1.41445  -0.53931
   1.42233  -0.52972
   1.43019  -0.52068
   1.43803  -0.51199
   1.44586  -0.50325
   1.45366  -0.49443
   1.46144  -0.48579
   1.46920  -0.47681
   1.47693  -0.46767
   1.48463  -0.45872
   1.49231  -0.45022
   1.49996  -0.44255
   1.50757  -0.43494
   1.51516  -0.42732
   1.52271  -0.42072
   1.53022  -0.41470
   1.53771  -0.40851
   1.54515  -0.40169
   1.55256  -0.39352
   1.55994  -0.38548
   1.56727  -0.37798
   1.57457  -0.36952
   1.58182  -0.36048
   1.58904  -0.35176
   1.59621  -0.34387
   1.60334  -0.33758
   1.61043  -0.33209
   1.61748  -0.32588
   1.62449  -0.32101
   1.63144  -0.31739
   1.63836  -0.31394
   1.64523  -0.30984
   1.65206  -0.30456
   1.65883  -0.29740
   1.66557  -0.29118
   1.67225  -0.28495
   1.67890  -0.27755
   1.68549  -0.26952
   1.69204  -0.26162
   1.69854  -0.25429
   1.70499  -0.24792
   1.71139  -0.24252
   1.71775  -0.23675
   1.72406  -0.23101
   1.73032  -0.22558
   1.73653  -0.22039
   1.74269  -0.21531
   1.74881  -0.21028
   1.75487  -0.20535
   1.76089  -0.20029
   1.76686  -0.19519
   1.77278  -0.19056
   1.77865  -0.18627
   1.78448  -0.18198
   1.79025  -0.17745
   1.79598  -0.17257
   1.80166  -0.16704
   1.80729  -0.16129
   1.81287  -0.15603
   1.81840  -0.15031
   1.82389  -0.14412
   1.82933  -0.13786
   1.83472  -0.13184
   1.84006  -0.12618
   1.84535  -0.12125
   1.85060  -0.11674
   1.85580  -0.11173
   1.86095  -0.10723
   1.86606  -0.10329
   1.87112  -0.09952
   1.87613  -0.09560
   1.88110  -0.09135
   1.88602  -0.08649
   1.89090  -0.08110
   1.89573  -0.07614
   1.90051  -0.07099
   1.90525  -0.06542
   1.90994  -0.05957
   1.91459  -0.05358
   1.91920  -0.04754
   1.92376  -0.04142
   1.92828  -0.03548
   1.93275  -0.02965
   1.93718  -0.02352
   1.94156  -0.01722
   1.94591  -0.01094
   1.95021  -0.00472
   1.95447   0.00112
   1.95868   0.00598
   1.96286   0.01247
   1.96699   0.01824
   1.97108   0.02232
   1.97513   0.02602
   1.97914   0.03049
   1.98311   0.03660
   1.98704   0.04596
   1.99093   0.05432
   1.99478   0.06144
   1.99859   0.06904
   2.00236   0.07695
   2.00609   0.08473
   2.00979   0.09176
   2.01344   0.09969
   2.01706   0.10769
   2.02064   0.11426
   2.02419   0.12161
   2.02769   0.13070
   2.03116   0.13851
   2.03460   0.14407
   2.03800   0.15671
   2.04136   0.17064
   2.04468   0.17461
   2.04798   0.18369
   2.05123   0.20145
   2.05445   0.21166
   2.05764   0.20153
   2.06080   0.09181
