(2F15.6)
RUN1
  X  Y
      18.162000       0.000000
      16.541374       0.000000
      15.073596       0.000000
      13.744250       0.000000
      12.540280       0.000000
      11.449860       0.000000
      10.462283       0.000000
       9.567848       0.000000
       8.757770       0.000000
       8.024094       0.000000
       7.359614       0.000000
       6.757803       0.000000
       6.212752       0.000000
       5.719107       0.000000
       5.272019       0.000000
       4.867098       0.000000
       4.500366       0.000000
       4.168222       0.000000
       3.867405       0.000000
       3.594958       0.000000
       3.348207       0.000000
       3.124728       0.000000
       2.922326       0.000000
       2.739014       0.000000
       2.572990       0.000000
       2.422625       0.000000
       2.286441       0.000000
       2.163101       0.000000
       2.051394       0.000000
       1.950223       0.000000
       1.858593       0.000000
       1.775605       0.000000
       1.700444       0.000000
       1.632372       0.000000
       1.570720       0.000000
       1.514883       0.000000
       1.464312       0.000000
       1.418511       0.000000
       1.377029       0.000000
       1.339459       0.000000
       1.305433       0.000000
       1.274616       0.000000
       1.246705       0.000000
       1.221427       0.000000
       1.198533       0.000000
       1.177798       0.000000
       1.159019       0.000000
       1.142011       0.000000
       1.126607       0.000000
       1.112656       0.000000
       1.100020       0.000000
       1.088576       0.000000
       1.078212       0.000000
       1.068825       0.000000
       1.060323       0.000000
       1.052624       0.000000
       1.045650       0.000000
       1.039334       0.000000
       1.033614       0.000000
       1.028433       0.000000
       1.023741       0.000000
       1.019492       0.000000
       1.015643       0.000000
       1.012157       0.000000
       1.009000       0.000000
       1.005886      -0.000518
       1.002696      -0.000986
       0.999429      -0.001362
       0.996084      -0.001720
       0.992668      -0.002091
       0.989182      -0.002479
       0.985621      -0.002888
       0.981985      -0.003321
       0.978272      -0.003765
       0.974480      -0.004207
       0.970605      -0.004650
       0.966648      -0.005093
       0.962605      -0.005538
       0.958478      -0.005993
       0.954263      -0.006458
       0.949960      -0.006931
       0.945568      -0.007413
       0.941083      -0.007904
       0.936505      -0.008401
       0.931831      -0.008904
       0.927061      -0.009414
       0.922192      -0.009930
       0.917222      -0.010453
       0.912150      -0.010981
       0.906974      -0.011515
       0.901693      -0.012056
       0.896305      -0.012603
       0.890807      -0.013155
       0.885198      -0.013714
       0.879478      -0.014281
       0.873643      -0.014859
       0.867692      -0.015446
       0.861624      -0.016044
       0.855437      -0.016655
       0.849129      -0.017275
       0.842698      -0.017895
       0.836141      -0.018511
       0.829457      -0.019127
       0.822644      -0.019742
       0.815700      -0.020354
       0.808624      -0.020968
       0.801416      -0.021592
       0.794073      -0.022232
       0.786595      -0.022885
       0.778980      -0.023552
       0.771227      -0.024234
       0.763333      -0.024920
       0.755296      -0.025603
       0.747114      -0.026280
       0.738787      -0.026953
       0.730313      -0.027613
       0.721691      -0.028265
       0.712921      -0.028923
       0.704002      -0.029594
       0.694934      -0.030276
       0.685716      -0.030968
       0.676348      -0.031668
       0.666827      -0.032367
       0.657152      -0.033054
       0.647325      -0.033729
       0.637343      -0.034390
       0.627208      -0.035032
       0.616920      -0.035662
       0.606480      -0.036292
       0.595888      -0.036919
       0.585146      -0.037540
       0.574254      -0.038154
       0.563213      -0.038761
       0.552026      -0.039357
       0.540693      -0.039941
       0.529216      -0.040515
       0.517599      -0.041071
       0.505843      -0.041601
       0.493951      -0.042099
       0.481927      -0.042562
       0.469775      -0.042987
       0.457498      -0.043378
       0.445102      -0.043739
       0.432593      -0.044065
       0.419975      -0.044354
       0.407255      -0.044602
       0.394439      -0.044805
       0.381536      -0.044959
       0.368552      -0.045060
       0.355497      -0.045106
       0.342381      -0.045095
       0.329212      -0.045023
       0.316003      -0.044886
       0.302766      -0.044666
       0.289513      -0.044352
       0.276259      -0.043940
       0.263018      -0.043434
       0.250102      -0.042866
       0.237793      -0.042260
       0.226063      -0.041631
       0.214889      -0.040938
       0.204245      -0.040157
       0.194107      -0.039336
       0.184452      -0.038487
       0.175257      -0.037626
       0.166498      -0.036770
       0.158155      -0.035924
       0.150209      -0.035087
       0.142641      -0.034265
       0.135432      -0.033466
       0.128565      -0.032694
       0.122025      -0.031944
       0.115796      -0.031214
       0.109862      -0.030512
       0.104210      -0.029846
       0.098826      -0.029215
       0.093698      -0.028607
       0.088813      -0.028022
       0.084160      -0.027457
       0.079729      -0.026906
       0.075509      -0.026365
       0.071491      -0.025831
       0.067664      -0.025308
       0.064020      -0.024796
       0.060551      -0.024293
       0.057248      -0.023799
       0.054102      -0.023312
       0.051106      -0.022832
       0.048254      -0.022358
       0.045539      -0.021888
       0.042954      -0.021418
       0.040494      -0.020946
       0.038152      -0.020473
       0.035923      -0.020001
       0.033799      -0.019529
       0.031777      -0.019058
       0.029853      -0.018589
       0.028023      -0.018120
       0.026283      -0.017650
       0.024629      -0.017178
       0.023056      -0.016704
       0.021560      -0.016226
       0.020138      -0.015746
       0.018786      -0.015262
       0.017502      -0.014775
       0.016282      -0.014286
       0.015126      -0.013796
       0.014029      -0.013308
       0.012986      -0.012822
       0.011994      -0.012339
       0.011053      -0.011856
       0.010162      -0.011373
       0.009322      -0.010887
       0.008533      -0.010396
       0.007794      -0.009902
       0.007104      -0.009403
       0.006460      -0.008901
       0.005860      -0.008399
       0.005300      -0.007900
       0.004764      -0.007395
       0.004248      -0.006876
       0.003754      -0.006341
       0.003282      -0.005788
       0.002835      -0.005218
       0.002413      -0.004634
       0.002016      -0.004038
       0.001645      -0.003435
       0.001299      -0.002828
       0.000978      -0.002221
       0.000681      -0.001616
       0.000408      -0.001016
       0.000160      -0.000419
      -0.000064       0.000178
      -0.000260       0.000780
      -0.000427       0.001384
      -0.000563       0.001989
      -0.000667       0.002593
      -0.000739       0.003197
      -0.000778       0.003800
      -0.000787       0.004405
      -0.000767       0.005014
      -0.000719       0.005628
      -0.000646       0.006251
      -0.000548       0.006884
      -0.000427       0.007530
      -0.000282       0.008191
      -0.000112       0.008866
       0.000086       0.009556
       0.000318       0.010257
       0.000581       0.010967
       0.000874       0.011684
       0.001195       0.012409
       0.001547       0.013144
       0.001932       0.013892
       0.002354       0.014658
       0.002817       0.015445
       0.003326       0.016260
       0.003887       0.017104
       0.004504       0.017983
       0.005182       0.018895
       0.005922       0.019838
       0.006724       0.020805
       0.007589       0.021797
       0.008520       0.022818
       0.009520       0.023872
       0.010594       0.024957
       0.011744       0.026072
       0.012976       0.027212
       0.014293       0.028372
       0.015699       0.029548
       0.017195       0.030736
       0.018786       0.031937
       0.020473       0.033157
       0.022263       0.034397
       0.024162       0.035657
       0.026172       0.036937
       0.028295       0.038233
       0.030533       0.039543
       0.032887       0.040864
       0.035361       0.042194
       0.037957       0.043534
       0.040682       0.044884
       0.043539       0.046243
       0.046533       0.047607
       0.049667       0.048975
       0.052949       0.050341
       0.056383       0.051704
       0.059974       0.053062
       0.063725       0.054413
       0.067641       0.055749
       0.071728       0.057057
       0.075989       0.058333
       0.080430       0.059581
       0.085053       0.060807
       0.089861       0.062014
       0.094862       0.063197
       0.100058       0.064351
       0.105457       0.065472
       0.111063       0.066553
       0.116881       0.067583
       0.122919       0.068553
       0.129181       0.069464
       0.135673       0.070317
       0.142401       0.071102
       0.149370       0.071819
       0.156584       0.072469
       0.163956       0.073052
       0.171394       0.073565
       0.178893       0.074008
       0.186447       0.074386
       0.194052       0.074716
       0.201703       0.075007
       0.209397       0.075262
       0.217130       0.075480
       0.224897       0.075667
       0.232694       0.075819
       0.240519       0.075927
       0.248369       0.075989
       0.256240       0.076007
       0.264129       0.075984
       0.272033       0.075921
       0.279949       0.075822
       0.287875       0.075696
       0.295807       0.075546
       0.303743       0.075370
       0.311681       0.075171
       0.319618       0.074949
       0.327551       0.074703
       0.335479       0.074432
       0.343399       0.074135
       0.351309       0.073814
       0.359208       0.073470
       0.367093       0.073104
       0.374962       0.072717
       0.382814       0.072308
       0.390647       0.071880
       0.398459       0.071432
       0.406248       0.070967
       0.414014       0.070483
       0.421754       0.069983
       0.429468       0.069468
       0.437154       0.068940
       0.444811       0.068401
       0.452438       0.067850
       0.460033       0.067289
       0.467596       0.066719
       0.475125       0.066139
       0.482619       0.065547
       0.490077       0.064939
       0.497498       0.064317
       0.504881       0.063682
       0.512226       0.063035
       0.519530       0.062376
       0.526795       0.061707
       0.534019       0.061032
       0.541203       0.060356
       0.548345       0.059681
       0.555445       0.059005
       0.562503       0.058327
       0.569517       0.057653
       0.576488       0.056979
       0.583415       0.056302
       0.590296       0.055617
       0.597131       0.054920
       0.603919       0.054214
       0.610661       0.053501
       0.617355       0.052780
       0.624003       0.052050
       0.630602       0.051313
       0.637155       0.050574
       0.643660       0.049837
       0.650118       0.049102
       0.656528       0.048371
       0.662890       0.047641
       0.669204       0.046912
       0.675470       0.046185
       0.681688       0.045460
       0.687857       0.044737
       0.693978       0.044016
       0.700051       0.043295
       0.706074       0.042576
       0.712049       0.041858
       0.717976       0.041144
       0.723853       0.040432
       0.729683       0.039722
       0.735463       0.039010
       0.741194       0.038298
       0.746876       0.037584
       0.752510       0.036870
       0.758094       0.036157
       0.763630       0.035443
       0.769118       0.034730
       0.774557       0.034018
       0.779949       0.033311
       0.785293       0.032609
       0.790590       0.031914
       0.795840       0.031224
       0.801043       0.030539
       0.806199       0.029860
       0.811308       0.029187
       0.816371       0.028519
       0.821387       0.027852
       0.826356       0.027187
       0.831278       0.026521
       0.836154       0.025856
       0.840983       0.025192
       0.845767       0.024530
       0.850505       0.023867
       0.855198       0.023205
       0.859845       0.022545
       0.864448       0.021887
       0.869006       0.021232
       0.873520       0.020580
       0.877990       0.019932
       0.882416       0.019287
       0.886798       0.018645
       0.891137       0.018007
       0.895434       0.017376
       0.899690       0.016751
       0.903903       0.016132
       0.908074       0.015519
       0.912205       0.014917
       0.916294       0.014326
       0.920343       0.013739
       0.924350       0.013149
       0.928315       0.012552
       0.932239       0.011949
       0.936123       0.011347
       0.939966       0.010748
       0.943769       0.010153
       0.947532       0.009562
       0.951258       0.008979
       0.954947       0.008404
       0.958598       0.007836
       0.962211       0.007278
       0.965788       0.006728
       0.969328       0.006182
       0.972829       0.005636
       0.976291       0.005091
       0.979717       0.004542
       0.983106       0.003983
       0.986459       0.003429
       0.989777       0.002891
       0.993061       0.002361
       0.996313       0.001850
       0.999534       0.001369
       1.002722       0.000902
       1.005878       0.000445
       1.009000       0.000000
       1.012157       0.000000
       1.015643       0.000000
       1.019492       0.000000
       1.023741       0.000000
       1.028433       0.000000
       1.033614       0.000000
       1.039334       0.000000
       1.045650       0.000000
       1.052624       0.000000
       1.060323       0.000000
       1.068825       0.000000
       1.078212       0.000000
       1.088576       0.000000
       1.100020       0.000000
       1.112656       0.000000
       1.126607       0.000000
       1.142011       0.000000
       1.159019       0.000000
       1.177798       0.000000
       1.198533       0.000000
       1.221427       0.000000
       1.246705       0.000000
       1.274616       0.000000
       1.305433       0.000000
       1.339459       0.000000
       1.377029       0.000000
       1.418511       0.000000
       1.464312       0.000000
       1.514883       0.000000
       1.570720       0.000000
       1.632372       0.000000
       1.700444       0.000000
       1.775605       0.000000
       1.858593       0.000000
       1.950223       0.000000
       2.051394       0.000000
       2.163101       0.000000
       2.286441       0.000000
       2.422625       0.000000
       2.572990       0.000000
       2.739014       0.000000
       2.922326       0.000000
       3.124728       0.000000
       3.348207       0.000000
       3.594958       0.000000
       3.867405       0.000000
       4.168222       0.000000
       4.500366       0.000000
       4.867098       0.000000
       5.272019       0.000000
       5.719107       0.000000
       6.212752       0.000000
       6.757803       0.000000
       7.359614       0.000000
       8.024094       0.000000
       8.757770       0.000000
       9.567848       0.000000
      10.462283       0.000000
      11.449860       0.000000
      12.540280       0.000000
      13.744250       0.000000
      15.073596       0.000000
      16.541374       0.000000
      18.162000       0.000000
