READ
 $NAM METH=1,ISYM=0,NA=63,SCALE=-1.$END 
    1.0090         0
    1.0000   -0.0013
    0.9972   -0.0016
    0.9890   -0.0025
    0.9754   -0.0041
    0.9566   -0.0062
    0.9328   -0.0088
    0.9042   -0.0118
    0.8712   -0.0151
    0.8341   -0.0187
    0.7933   -0.0223
    0.7493   -0.0261
    0.7026   -0.0297
    0.6536   -0.0333
    0.6030   -0.0365
    0.5512   -0.0394
    0.4988   -0.0419
    0.4465   -0.0437
    0.3948   -0.0448
    0.3442   -0.0451
    0.2953   -0.0445
    0.2487   -0.0428
    0.2048   -0.0402
    0.1648   -0.0366
    0.1295   -0.0328
    0.0987   -0.0292
    0.0720   -0.0259
    0.0491   -0.0225
    0.0303   -0.0187
    0.0156   -0.0140
    0.0053   -0.0079
         0         0
    0.0001    0.0096
    0.0063    0.0203
    0.0186    0.0318
    0.0373    0.0432
    0.0620    0.0538
    0.0923    0.0626
    0.1273    0.0692
    0.1660    0.0732
    0.2074    0.0752
    0.2513    0.0760
    0.2980    0.0755
    0.3468    0.0740
    0.3973    0.0715
    0.4490    0.0681
    0.5012    0.0640
    0.5534    0.0592
    0.6050    0.0541
    0.6554    0.0485
    0.7042    0.0428
    0.7507    0.0371
    0.7945    0.0314
    0.8351    0.0260
    0.8720    0.0208
    0.9048    0.0160
    0.9332    0.0118
    0.9569    0.0081
    0.9756    0.0052
    0.9891    0.0030
    0.9973    0.0017
    1.0000    0.0013
    1.0090         0
FIT 
 $NAM NIPS=2,JAMESON=.TRUE., $END 
1
63
PLACE 
 $NAM NCON=2,NMESH=385,PERCENT=.TRUE.,AUTO=.TRUE. $END 
1 .3  40
31 .6 60
ROTATE
 $NAM ALPHA=0.0 $END
WAKE
 $NAM NW=64,FARCX=18.,CURVED=.FALSE., $END 
OUTPUT
 $NAM IGGP=31,IGRID=32,NYM=129,DNORMC=.000043,LENS=.TRUE.,EPSE=.04,
 EPSI=.06,SPFAC=.15,ALPHAM=8.,JR1=6,JR2=48 $END
