   3.3586426824113539E-006
   3.4749207065130571E-006
   3.4812677528001128E-006
   3.6130060638835304E-006
   3.7350867264346071E-006
   3.8545365119792896E-006
   3.9592796808290186E-006
   4.0717682400192722E-006
   4.2135764215544014E-006
   4.3531131590094561E-006
   4.4869422929295813E-006
   4.6292090938761712E-006
   4.7649102316895571E-006
   4.9003742161820462E-006
   5.0474520185276225E-006
   5.1990708261857253E-006
   5.3506997446833212E-006
   5.5075346714309376E-006
   5.6686403790217496E-006
   5.8300450072319019E-006
   5.9919545797373473E-006
   6.1561376813152640E-006
   6.3195321267280495E-006
   6.4819111320683842E-006
   6.6419314102765081E-006
   6.7992752899419514E-006
   6.9577261722096745E-006
   7.1176048721080451E-006
   7.2805864948858056E-006
   7.4447776388915384E-006
   7.6191280774744737E-006
   7.8063609474794548E-006
   7.9905920056987047E-006
   8.1727196473873909E-006
   8.3460700245621149E-006
   8.5177349448992876E-006
   8.6703130492703899E-006
   8.7970627448942402E-006
   8.9370850066882757E-006
   9.0849896029543016E-006
   9.2367351790648199E-006
   9.3880979469689616E-006
   9.5641771932736920E-006
   9.7646900450163986E-006
   9.9575546494691990E-006
   1.0151853057904389E-005
   1.0352189511098751E-005
   1.0543989260113152E-005
   1.0644426023680072E-005
   1.0575993984685638E-005
   1.0496302098361427E-005
   1.0641853193940304E-005
   1.0796010886299028E-005
   1.0911840681943401E-005
   1.1150835415968328E-005
   1.1401707119799023E-005
   1.1658280016859073E-005
   1.1951160412425194E-005
   1.2331848123700503E-005
   1.2669716499711650E-005
   1.2872429902470178E-005
   1.3080016378861709E-005
   1.3323411961426453E-005
   1.3569800110878475E-005
   1.3826030733109974E-005
   1.4087066221669821E-005
   1.4349386968912898E-005
   1.4615724094745230E-005
   1.4891487397049392E-005
   1.5174464150620640E-005
   1.5456070797681054E-005
   1.5742907856943670E-005
   1.6032472228715738E-005
   1.6307611097355876E-005
   1.6575820511261561E-005
   1.6845930934400394E-005
   1.7100871412572891E-005
   1.7348276511234767E-005
   1.7590350357297173E-005
   1.7811868581364438E-005
   1.8012596900378767E-005
   1.8182254523320493E-005
   1.8306590292030890E-005
   1.8366396634686273E-005
   1.8333676880207495E-005
   1.8182579516473685E-005
   1.7821850461236060E-005
   1.7171986749100752E-005
   1.6018287540282401E-005
   1.4099637267180041E-005
   1.1718912819552374E-005
   9.7889829750081073E-006
   8.7695604248794280E-006
   8.2513364659929129E-006
   7.9478097493774058E-006
   7.7308317356636361E-006
   7.5612384198318197E-006
   7.4008503995458381E-006
   7.2294353955427469E-006
   7.0411529378770758E-006
   6.8327550849433670E-006
   6.6055157444888355E-006
   6.3712741594059442E-006
   6.1411276620503224E-006
   5.9169860744506295E-006
   5.6969458260986942E-006
   5.4826647503550477E-006
   5.2786216491422310E-006
   5.0844434496502684E-006
   4.8979131908799613E-006
   4.7214589782083088E-006
   4.5604376816969736E-006
   4.4144665396662157E-006
   4.2806467212404266E-006
   4.1567437065934706E-006
   4.0407488315244742E-006
   3.9295001131108335E-006
   3.8195918788559812E-006
   3.7098784922567371E-006
   3.6017827863098552E-006
   3.4988407014157263E-006
   3.4038689065468565E-006
   3.3170018639781628E-006
   3.2375648918994892E-006
   3.1651295270660441E-006
   3.0988275726516550E-006
   3.0370863491022725E-006
   2.9777082561263754E-006
   2.9189855413347261E-006
   2.8605417191648019E-006
   2.8031707976071913E-006
   2.7485259619025975E-006
   2.6990397176921520E-006
   2.6554489563039524E-006
   2.6157837694185316E-006
   2.5794097650865536E-006
   2.5441731956256854E-006
   2.5079941881539241E-006
   2.4694937998068830E-006
   2.4281076296306390E-006
   2.3840880349118583E-006
   2.3415970561408989E-006
   2.3042810400150615E-006
   2.2711389440907392E-006
   2.2421850478675337E-006
   2.2180344234429527E-006
   2.1976453082383732E-006
   2.1758601876141657E-006
   2.1469253822182691E-006
   2.1114781109986404E-006
   2.0717054436521653E-006
   2.0267495230951364E-006
   1.9763006366913231E-006
   1.9663685548356742E-006
   1.9781607702938812E-006
   1.9861434123297959E-006
   1.9894949629388055E-006
   1.9874254023976844E-006
   1.9842267086972262E-006
   1.9766407389475648E-006
   1.9622937298421073E-006
   1.9418448907584034E-006
   1.9173950558378456E-006
   1.8913855786375490E-006
   1.8663686627262686E-006
   1.8458943586067867E-006
   1.8360905648110247E-006
   1.8337562013351082E-006
   1.8213624790421312E-006
   1.8003028002226718E-006
   1.7817729166749989E-006
   1.7734928333135589E-006
   1.7768292619282876E-006
   1.7915809193095129E-006
   1.8122058368316182E-006
   1.8349441930542130E-006
   1.8527704177754915E-006
   1.8642339257018488E-006
   1.8725982127769875E-006
   1.8819136093716063E-006
   1.8942767205089047E-006
   1.9096874192854716E-006
   1.9304214987779680E-006
   1.9503856250820202E-006
   1.9677140355018226E-006
   1.9860334872689395E-006
   2.0171663842413832E-006
   2.0703167360854140E-006
   2.1502850500552911E-006
   2.2457248868834785E-006
   2.3403525996321426E-006
   2.4210504668093909E-006
   2.4765145918876084E-006
   2.5020018920724878E-006
   2.4614927620314476E-006
   2.4728184167206757E-006
   2.5045586047707164E-006
   2.5747646028658697E-006
   2.6746344097146052E-006
   2.7925198209867835E-006
   2.9142178326948540E-006
   3.0279465252549831E-006
   3.1293629329073208E-006
   3.2210410664666159E-006
   3.3072428792015359E-006
   3.3914580795858009E-006
   3.4792804640958038E-006
   3.5750679787007554E-006
   3.6756917814824047E-006
   3.7761724435151252E-006
   3.8726626045245409E-006
   3.9642993637918884E-006
   4.0529311717628636E-006
   4.1416111831841813E-006
   4.2333031523969732E-006
   4.3281300531299668E-006
   4.4222915216430217E-006
   4.5172458794579380E-006
   4.6155658544786333E-006
   4.7173367377253858E-006
   4.8159304365721900E-006
   4.9014845830608518E-006
   4.9728765909458515E-006
   5.0296737722076099E-006
   5.0729339147480980E-006
   5.1128041828437419E-006
   5.1548426074326274E-006
   5.2038837222395099E-006
   5.2637185187320751E-006
   5.3316982756931270E-006
   5.4027393572779948E-006
   5.4707492292230015E-006
   5.5330895963589984E-006
   5.5899328824105570E-006
   5.6396456087322892E-006
   5.6741248871088977E-006
   5.6865176097080386E-006
   5.6815540741720951E-006
   5.6640169529689642E-006
   5.6370640923182468E-006
   5.5425011723786605E-006
   5.3955870698785138E-006
   5.2689812409425914E-006
   5.1518548944491678E-006
   5.1065988525293626E-006
   5.0328788928721718E-006
   5.0193166508102925E-006
   4.9688169184498943E-006
   4.9617252906987873E-006
   4.9289133585729271E-006
   4.8499077029852002E-006
   4.7939149476588342E-006
   4.7749757763372481E-006
   4.7054650566631603E-006
   4.6891750925848032E-006
   4.6508978454392640E-006
   4.6846663472986759E-006
   4.7466555239988809E-006
   4.9171264109494127E-006
   5.1755990538939254E-006
   5.5362590532281689E-006
   6.2550791470092575E-006
   7.3141105739197407E-006
   8.3801933854727654E-006
   9.2151354344197663E-006
   9.8479393823394536E-006
   1.0331815553035297E-005
   1.0695791072663810E-005
   1.0967837475714540E-005
   1.1172302884395020E-005
   1.1325511454332742E-005
   1.1433555321340736E-005
   1.1503901299039018E-005
   1.1545313303599978E-005
   1.1561949679755999E-005
   1.1562668794618035E-005
   1.1547685307878982E-005
   1.1521934765162172E-005
   1.1494774801091513E-005
   1.1459714205632620E-005
   1.1417437994777631E-005
   1.1372283874199342E-005
   1.1317522175496675E-005
   1.1261258943476883E-005
   1.1200955178950901E-005
   1.1122447820967535E-005
   1.1037882176038323E-005
   1.0949658546461263E-005
   1.0853221401877842E-005
   1.0760649965185809E-005
   1.0671031376918660E-005
   1.0580792742940692E-005
   1.0509479859948805E-005
   1.0447966610790372E-005
   1.0387387688014576E-005
   1.0341380384688384E-005
   1.0300640283626164E-005
   1.0252571040809598E-005
   1.0212083444243599E-005
   1.0155701772807870E-005
   1.0070549540963726E-005
   9.9820385560981593E-006
   9.8773516078643183E-006
   9.7557000253932571E-006
   9.6330811476403845E-006
   9.5188852139734468E-006
   9.4082223491191484E-006
   9.3109728836076363E-006
   9.2266002015442535E-006
   9.1433854649298611E-006
   9.0657277338912743E-006
   8.9930651083447530E-006
   8.9237246824593614E-006
   8.8529994018967458E-006
   8.7804482719248500E-006
   8.7114044025996610E-006
   8.6438596130098140E-006
   8.5782572643951236E-006
   8.5165429485544458E-006
   8.4522238178483031E-006
   8.3761817301510530E-006
   8.2901750281760485E-006
   8.1977604805295009E-006
   8.0856363001309489E-006
   7.9582684924349761E-006
   7.8238124921244287E-006
   7.6799562196356252E-006
   7.5359247777757269E-006
   7.4012609806633946E-006
   7.2754777829298915E-006
   7.1534541252820795E-006
   7.0449320628877978E-006
   6.9484729023216529E-006
   6.8568971079827125E-006
   6.7722135999256173E-006
   6.6889278597115822E-006
   6.6006550047668020E-006
   6.5061714924810715E-006
   6.4099778941719715E-006
   6.3075295685700395E-006
   6.1984808052296405E-006
   6.0878140514567462E-006
   5.9747048503499349E-006
   5.8611597963729318E-006
   5.7491003089050746E-006
   5.6407228139888285E-006
   5.5361677946539877E-006
   5.4336324372864087E-006
   5.3337437374228101E-006
   5.2373365681392475E-006
   5.1444421884477556E-006
   5.0558960209215046E-006
   4.9707407192566863E-006
   4.8823805034742954E-006
   4.7969366936418983E-006
   4.7196053129448562E-006
   4.6438290598781571E-006
   4.5681814773377241E-006
   4.4890698438469676E-006
   4.4037648556237146E-006
   4.3217814820535996E-006
   4.2448539161001954E-006
   4.1660164510421798E-006
   4.0888797351285345E-006
   4.0155283554964777E-006
   3.9450770458741941E-006
   3.8709089804444234E-006
   3.7854106265742680E-006
   3.6814006050474283E-006
   3.5501557175976445E-006
   3.4014131061326289E-006
   3.2915309515160949E-006
   3.2212211084547611E-006
   3.1447058946077704E-006
   3.0675287425607186E-006
   3.0056231597333593E-006
   2.9593089710864179E-006
   2.9201451308137215E-006
   2.8856899979800745E-006
   2.8555628379341507E-006
   2.8455236195005668E-006
   2.9321288188175113E-006
   2.8715741588277196E-006
